16,24
23,29
23,28
23,27
23,26
22,41
22,40
22,39
22,38
15,41
15,37
15,31
15,143
22,37
22,36
22,35
22,34
22,33
15,142
15,141
15,140
15,139
15,138
15,137
16,23
23,25
23,24
23,23
23,22
23,21
23,20
23,19
14,383
14,382
14,381
14,380
14,379
14,378
14,377
14,376
14,375
14,374
14,373
14,372
14,371
14,370
14,369
14,368
14,367
14,366
14,365
14,364
14,363
14,362
14,361
14,360
14,359
14,358
14,357
14,356
14,355
14,354
14,353
14,352
14,351
14,350
14,349
14,348
14,347
14,346
14,345
14,344
14,343
14,342
14,341
14,340
14,339
14,338
14,337
14,336
14,335
14,334
14,333
14,332
14,331
14,330
14,329
14,328
14,327
14,326
14,325
14,324
14,323
14,322
14,321
14,320
14,319
14,318
14,317
14,316
14,315
14,314
14,313
14,312
14,311
14,310
14,309
14,308
14,307
14,306
14,305
14,304
14,303
14,302
14,301
14,300
14,299
14,298
14,297
14,296
14,295
14,294
14,293
14,292
14,291
14,290
14,289
14,288
14,287
14,286
14,285
14,284
14,283
14,282
14,281
14,280
14,279
14,278
14,277
14,276
14,275
14,274
14,273
14,272
14,271
14,270
14,269
14,268
14,267
14,266
14,265
14,264
14,263
14,262
14,261
14,260
14,259
14,258
14,257
14,256
14,255
14,254
14,253
14,252
14,251
14,250
14,249
14,248
14,247
14,246
14,245
14,244
14,243
14,242
14,241
14,240
14,239
14,238
14,237
14,236
14,235
14,234
14,233
14,232
14,231
14,230
14,229
14,228
14,227
14,226
14,225
14,224
14,223
14,222
14,221
14,220
14,219
14,218
14,217
14,216
14,215
14,214
14,213
14,212
14,211
14,210
14,209
14,208
14,207
14,206
14,205
14,204
14,203
14,202
14,201
14,200
14,199
14,198
14,197
14,196
14,195
15,136
23,18
23,17
22,32
15,135
22,31
22,30
14,194
14,193
14,192
14,191
14,190
14,189
14,188
14,187
14,186
14,185
14,184
14,183
14,182
14,181
14,180
14,179
14,178
14,177
14,176
14,175
22,29
15,40
15,39
23,16
23,15
23,14
23,13
15,134
15,9
22,28
22,27
22,26
22,25
15,133
16,22
28,3
28,2
28,1
28,0
27,5
27,4
27,3
27,2
27,1
27,0
26,4
26,3
26,2
26,1
26,0
25,4
25,3
25,2
25,1
25,0
2,8
24,11
24,10
24,9
24,8
24,7
24,6
24,5
24,4
24,3
24,2
24,1
24,0
14,174
15,4
15,132
15,131
15,130
15,129
15,128
15,120
15,119
15,118
15,117
15,116
15,115
15,114
15,113
15,112
15,111
16,21
15,110
15,109
15,108
15,107
15,106
15,105
15,104
15,103
15,102
15,101
15,100
15,99
15,98
15,97
15,96
15,95
15,94
15,93
15,92
15,91
15,90
15,89
15,88
15,87
15,86
15,85
15,84
15,83
15,82
15,81
15,80
16,20
15,79
15,78
15,77
15,76
15,75
15,74
15,73
15,72
16,19
15,71
15,70
15,69
15,68
15,67
15,66
15,65
15,64
15,38
15,36
16,18
15,35
15,34
15,5
15,33
15,32
15,30
15,29
15,28
15,27
15,26
15,25
15,24
15,23
15,22
15,21
15,20
15,19
15,18
15,17
15,16
15,15
15,14
15,13
15,12
15,11
15,10
16,17
16,16
23,12
23,11
23,10
22,24
22,23
22,22
22,21
16,15
14,173
14,172
16,14
14,171
16,13
14,170
14,169
15,8
15,7
15,6
16,12
0,334
14,168
0,447
0,446
0,445
0,444
0,443
0,442
0,441
0,440
16,11
14,167
14,166
14,165
14,164
14,163
14,162
14,161
14,160
14,159
14,158
14,157
14,156
14,155
23,9
23,8
22,20
22,19
22,18
20,13
20,12
22,17
22,16
0,439
22,15
20,11
20,10
20,9
20,8
16,10
16,9
16,8
14,154
14,153
22,14
22,13
22,12
22,11
20,7
20,6
23,7
23,6
23,5
23,4
23,3
23,2
23,1
23,0
2,7
22,10
22,9
22,8
22,7
22,6
22,5
22,4
22,3
22,2
22,1
22,0
2,6
21,4
21,3
21,2
21,1
21,0
20,5
20,4
20,3
20,2
20,1
20,0
19,3
19,2
19,1
19,0
18,7
18,6
18,5
18,4
18,3
18,2
18,1
18,0
17,4
17,3
17,2
17,1
17,0
14,152
14,151
14,150
14,149
14,148
14,147
14,146
14,145
14,144
14,143
14,142
14,141
14,140
14,139
14,138
14,137
14,136
14,135
14,134
14,133
14,132
14,131
14,130
14,129
14,128
14,127
14,126
14,125
14,124
14,123
14,122
14,121
14,120
14,119
14,118
14,117
14,116
14,115
14,114
14,113
14,112
14,111
14,110
14,109
14,108
14,107
14,106
14,105
14,104
14,103
14,102
14,101
14,100
14,99
14,98
14,97
14,96
14,95
14,94
14,93
14,92
14,91
14,90
14,89
14,88
14,87
14,86
14,85
14,84
14,83
14,82
14,81
14,80
14,79
14,78
14,77
14,76
14,75
14,74
14,73
14,72
14,71
14,70
14,69
14,68
14,67
14,66
14,65
14,64
14,37
14,36
14,35
14,34
14,33
14,32
14,31
14,30
14,29
14,28
14,27
14,26
14,25
14,24
14,23
14,22
14,21
14,20
14,19
14,18
14,17
14,16
14,15
14,14
14,13
14,12
11,5
9,4
16,7
16,6
16,4
12,6
5,4
0,438
0,437
0,408
14,11
14,10
14,2
6,5
11,4
11,1
11,3
11,0
12,5
12,1
12,3
12,0
6,4
6,1
6,3
6,0
5,1
5,3
5,0
8,5
15,1
15,3
15,0
9,5
10,1
10,3
10,0
9,1
9,3
9,0
8,1
8,3
8,0
16,5
16,1
16,3
16,0
14,9
14,6
14,7
2,4
2,5
4,3
4,2
4,1
4,0
3,6
3,5
3,4
3,3
3,2
3,1
3,0
2,3
2,2
2,1
2,0
1,3
1,2
1,1
1,0
0,243
14,5
14,1
14,4
14,8
14,3
14,0
0,9
9,2
8,2
0,310
0,305
0,308
0,304
0,303
0,302
0,307
0,12
0,10
0,8
0,0
0,433
0,300
0,432
0,299
0,431
0,298
0,430
0,297
0,429
0,296
0,428
0,295
0,427
0,294
0,426
0,293
0,425
0,292
0,424
0,291
0,423
0,290
0,422
0,289
0,421
0,288
0,420
0,287
10,2
10,4
0,419
0,286
0,418
0,285
12,4
7,4
7,1
7,3
7,0
0,417
0,284
0,416
0,283
0,415
0,282
0,414
6,2
0,281
0,413
0,280
8,4
0,412
0,279
0,411
0,322
0,278
0,410
0,277
0,409
0,276
0,407
0,275
0,406
15,2
16,2
0,274
0,405
0,273
0,404
0,272
0,403
0,271
0,402
0,270
0,401
0,269
0,400
0,268
0,399
0,267
0,398
0,266
0,397
0,265
0,396
0,264
0,395
0,263
0,394
0,262
0,393
0,261
0,392
0,260
0,391
0,259
0,390
0,258
0,389
0,257
0,388
0,256
0,387
0,255
0,386
0,254
0,385
0,253
0,384
0,252
0,383
0,251
0,382
0,250
0,381
0,249
0,380
0,248
0,379
0,247
0,378
0,246
0,377
0,245
0,376
0,244
0,375
0,242
0,374
0,241
0,373
0,240
0,372
0,239
0,371
0,238
0,370
0,237
0,369
0,236
0,368
0,235
0,367
0,234
0,366
0,233
0,365
0,232
0,364
0,231
0,363
0,230
0,362
0,229
0,361
0,228
0,360
0,227
0,359
0,226
0,358
0,225
0,357
0,224
0,356
0,223
0,355
0,222
0,354
0,221
0,353
0,220
0,352
0,219
0,351
0,218
0,350
0,217
0,436
0,216
0,435
0,215
0,434
0,214
0,349
0,213
0,348
0,212
0,347
0,211
0,210
0,346
0,209
0,345
0,208
0,344
0,207
0,343
0,206
0,342
0,205
0,341
0,204
0,340
0,203
0,339
0,202
0,338
0,201
0,337
0,200
0,336
0,199
0,335
0,198
0,197
0,333
0,196
0,332
0,195
0,331
0,194
0,330
0,193
0,329
0,192
0,328
0,63
0,327
0,62
0,326
0,61
0,325
0,60
0,324
0,59
0,323
0,58
0,321
0,57
0,320
0,56
0,319
0,55
0,318
0,54
0,317
0,53
0,316
0,52
0,315
0,51
0,314
0,50
0,313
0,49
0,312
0,48
0,311
0,47
0,309
0,46
0,306
0,45
0,301
0,6
0,5
0,1
0,11
0,4
0,2
0,3
0,7
